1
-1
1
-1
1
1
-1
1
-1
-1
1
-1
-1
1
5
1
-1
-1
-1
-1
-1
1
1
1
-1
-1
-1
-1
-1
1
1
5
-1
1
-1
1
-1
1
-1
-9
11
-11
11
-11
10
1
-11
11
-5
-1
-1
-1
-1
1
1
1
-1
1
-3
1
1
-4
9
-4
-1
1
-1
1
-1
1
-1
1
6
-1
1
-1
1
-7
4
1
-1
1
1
-1
1
-1
1
-1
1
1
-11
5
1
-1
-1
1
1
-1
5
-5
4
-2
-7
9
-4
5
-5
-3
8
-3
3
-5
5
-10
3
-1
3
-3
2
6
-5
-1
-4
1
1
-1
1
-1
-1
11
-1
-8
-2
10
1
-11
1
1
-1
1
3
-1
-1
5
-1
-4
1
-1
7
-9
2
-1
1
-1
7
-9
2
1
-1
1
7
-8
1
-1
1
1
-1
2
-1
1
1
1
-1
-1
-1
-1
-1
-1
-1
11
-1
1
-1
1
-1
1
-1
-9
1
-2
1
1
-1
-1
11
-11
11
-1
1
-1
1
-1
-8
3
-3
2
-4
10
-1
1
1
-1
-5
3
-6
3
-3
1
-1
1
-1
-1
4
5
1
-11
1
-1
1
1
-1
1
-1
1
1
-1
1
4
-6
1
1
-1
-1
-1
5
-3
-1
-1
11
-1
-6
1
-1
1
1
-1
1
1
1
-1
-1
1
3
-6
1
1
1
-1
-1
-1
1
-1
1
-5
10
1
-1
-8
-2
7
1
1
-1
-1
-7
11
-11
1
1
1
-1
8
-8
8
1
-1
1
-1
1
-1
-10
9
-2
1
1
1
1
-1
-2
1
1
-10
9
-1
1
-1
-1
-1
1
-1
1
-7
9
1
1
-11
11
-1
-1
-1
1
-9
9
-1
-1
1
-1
-7
5
-5
7
1
1
1
-1
1
-5
-1
1
-1
1
1
-1
-1
1
-5
9
-1
1
1
-1
1
-1
1
-1
-2
-1
1
1
-1
-1
1
-1
-1
2
-7
11
-1
1
-11
11
-1
-1
-1
1
-4
-5
8
-1
1
1
-1
1
1
-1
1
-10
5
-1
1
1
-1
-1
1
-1
1
-5
7
1
1
-1
1
1
1
-1
-1
1
-1
1
-1
1
-1
-9
11
-1
-1
-1
-1
1
-1
-1
1
4
-1
1
-1
1
-1
1
-1
1
-1
1
-1
1
-11
11
-1
-1
-1
-1
1
1
-4
-5
7
1
1
1
-5
-3
1
1
1
1
-1
-1
-1
1
-1
-1
-1
-1
7
3
-1
-9
1
1
-1
-1
1
-1
1
1
-1
1
1
-1
-1
-1
1
1
-1
-1
11
-1
-1
1
-1
1
-1
1
-1
-4
1
-6
