3
1
-1
-3
11
-11
5
-1
-1
-1
1
1
-1
-1
1
1
-4
11
-11
11
-11
1
-1
1
-1
1
1
5
-5
1
-1
-1
1
-1
1
1
-1
-1
-1
7
-4
-1
-1
-1
11
-1
1
-11
1
-1
11
-11
1
9
-1
1
1
-11
10
1
-7
1
6
-11
11
-1
1
-11
11
-11
1
-1
10
1
-11
7
-7
11
-11
1
1
-1
-1
11
-9
1
-1
1
-1
1
-1
1
-1
1
-1
1
-1
1
1
-1
1
1
-1
1
-1
-1
1
1
1
-1
1
1
-1
-1
1
1
4
-11
11
-11
6
1
1
-1
1
-1
1
-1
-7
3
1
-1
1
1
-1
-3
-1
1
1
1
-1
-1
1
1
-1
1
-1
1
1
-1
1
-1
-1
-1
-1
11
-1
-10
2
-2
7
-5
1
-1
-1
1
1
-1
1
-1
1
-1
2
1
-1
1
1
-1
1
-1
-1
-4
1
5
-1
1
1
4
-7
3
1
-1
1
-1
1
-1
1
-1
-7
11
-11
4
-4
11
-11
1
-1
1
1
1
1
1
-1
-1
-1
-1
-1
1
1
1
-1
1
-1
1
1
-1
1
1
1
1
-1
1
-1
-6
11
-5
1
4
-11
10
1
-11
11
-11
11
-1
1
-11
10
-1
-1
-8
7
1
-1
-1
1
-7
1
-1
11
-11
1
-1
1
1
-1
1
-1
1
-1
1
5
-3
-1
-1
1
-1
1
1
1
-1
1
-1
1
-3
1
-1
1
-1
1
-1
1
-1
1
-3
1
-1
11
-7
7
-1
1
-11
11
-1
1
-1
1
-11
11
-1
1
-11
1
-1
2
1
-1
1
-1
-1
-1
1
1
-2
3
-1
1
-1
1
-1
2
-1
-3
6
1
-1
1
-1
-6
1
1
-1
1
-1
1
5
4
-7
1
1
1
1
-8
5
-1
-4
1
1
-1
1
-2
1
-1
2
1
1
1
-1
1
-1
-2
-1
1
5
1
-8
3
-1
5
1
-8
1
1
1
-1
9
-4
-5
1
1
-1
1
1
1
1
-1
-1
1
1
-1
-6
4
1
1
-1
1
1
-1
1
4
-11
4
1
-1
2
1
-1
1
-1
1
-1
1
-7
1
1
-1
1
1
1
-1
-2
-1
1
1
1
-1
9
-11
11
-11
1
-1
1
1
1
1
1
-1
-4
2
1
-1
1
-1
1
-1
1
1
1
-1
1
1
1
-1
1
-7
1
-1
11
-5
1
4
-2
1
1
-1
1
-1
1
-11
11
-1
1
-1
1
-11
11
-1
-1
1
-1
-1
-1
-1
-1
-5
7
1
-1
-1
-6
8
1
1
-1
-9
1
1
1
-1
2
1
-1
1
-5
1
1
-2
3
-1
-1
-1
1
-1
3
-1
-1
1
-1
-1
1
-1
11
-1
-6
-1
8
-7
1
-1
-1
1
-1
1
7
-1
1
-1
1
-11
11
-1
-10
1
-1
11
-11
1
-1
1
1
-1
-1
1
1
-2
2
1
-1
-1
1
1
-1
1
-1
1
-1
5
-5
1
-1
-1
-1
11
-1
1
-11
10
-1
1
1
-1
1
-1
-10
10
-1
-1
1
1
-1
1
1
-7
6
1
-11
11
-1
-1
2
-11
11
-11
11
-11
1
-1
1
-1
1
1
-2
1
-1
2
1
-1
1
-1
-1
-1
11
-11
11
-1
1
-1
1
-1
-1
-9
4
6
1
-11
10
1
-1
1
-11
11
-11
11
-11
11
-1
-1
1
1
-1
-10
11
-1
1
-11
1
1
-2
1
6
-7
